Heide_city10:
1.0e+06 * 4.2870    1.6828    0.5819    0.1660    0.0445    0.0217    0.0178    0.0162    0.0134    0.0124   0.0119   0.0115    0.0111
1.0e+06 * 4.2865    1.6820    0.5807    0.1652    0.0445    0.0217    0.0178    0.0162    0.0134    0.0124 (550s)

_____________________________________________________
d_batch100_city10_P0.05_lambda1.0_rho10_ite20_rho_50: 
1.0e+04 * 1.5956    1.3751    1.3202    1.2938    1.2712    1.2609    1.2523    1.2475    1.2500    1.2498 (250s)

d_batch100_city10_P0.05_lambda1.0_rho10_ite10_rho_50: 
1.0e+04 * 1.6052    1.3980    1.3481    1.3187    1.3026    1.2918    1.2848    1.2829    1.2786    1.2744 (170s)
_____________________________________________________
d_batch100_city10_P0.1_lambda1.0_rho10_ite20_rho_50: 
1.0e+04 * 1.5470    1.3165    1.2575    1.2234    1.2061    1.1936    1.1896    1.1844    1.1786    1.1776 (360s)

d_batch100_city10_P0.1_lambda1.0_rho10_ite10_rho_50:
1.0e+04 * 1.5390    1.3315    1.2715    1.2478    1.2306    1.2189    1.2143    1.2118    1.2058    1.2020 (240s)
_____________________________________________________
d_batch100_city10_P0.2_lambda1.0_rho10_ite10_rho_50
1.0e+04 * 1.5019    1.2806    1.2193    1.1896    1.1728    1.1622    1.1574    1.1508    1.1468    1.1456 (420s)

d_batch100_city10_P0.2_lambda1.0_rho10_ite20_rho_50:
1.0e+04 * 1.5051    1.2654    1.1980    1.1613    1.1431    1.1311    1.1249    1.1207    1.1138    1.1116 (620s)

_____________________________________________________
d_batch100_city10_P0.5_lambda1.0_rho10_ite10_rho_50
1.0e+04 * 1.4278    1.2226    1.1604    1.1343    1.1174    1.1118    1.1077    1.1038    1.1024    1.1020 (950s)

d_batch100_city10_P0.5_lambda1.0_rho10_ite20_rho_50: 
1.0e+04 * 1.4539    1.2076    1.1320    1.0974    1.0788    1.0656    1.0576    1.0530    1.0485    1.0442 (1300s)
_____________________________________________________

d_batch100_city10_P1.00_lambda1.0_rho15_ite10_rho_50
1.0e+04 * 1.4124    1.2388    1.1826    1.1531    1.1362    1.1257    1.1186    1.1140    1.1110    1.1089 (1300s)

d_batch100_city10_P1.00_lambda1.0_rho15_ite20_rho_50
1.0e+04 * 1.4152    1.2019    1.1243    1.0832    1.0598    1.0455    1.0359    1.0291    1.0237    1.0194 (1900s)

*****************************************************************************************************************************
*****************************************************************************************************************************
*****************************************************************************************************************************
Heide_fruit10:
1.0e+06 * 3.4200    0.9877    0.2242    0.0461    0.0225    0.0186    0.0201    0.0160    0.0141    0.0133    0.0130    0.0127    0.0127 (710s)

_____________________________________________________
d_batch100_fruit10_P0.05_lambda1.0_rho10_ite10_rho_50
1.0e+04 * 1.7171    1.5316    1.4932    1.4697    1.4537    1.4431    1.4363    1.4327    1.4263    1.4224

_____________________________________________________
d_batch100_fruit10_P0.10_lambda1.0_rho10_ite20_rho_50
1.0e+04 * 1.6369    1.4431    1.3863    1.3632    1.3476    1.3336    1.3262    1.3213    1.3175    1.3177

1.0e+04 * 2.2902    1.4218    1.3853    1.3586    1.3401    1.3337    1.3272    1.3212    1.3189    1.3156
_____________________________________________________
d_batch100_fruit10_P0.20_lambda1.0_rho10_ite20_rho_50
1.0e+04 * 1.5942    1.3897    1.3285    1.2949    1.2783    1.2650    1.2596    1.2561    1.2525    1.2504

_____________________________________________________
d_batch100_fruit10_P0.50_lambda1.0_rho10_ite10_rho_50
1.0e+04 * 1.5237    1.3474    1.2961    1.2709    1.2581    1.2503    1.2468    1.2430    1.2382    1.2374

_____________________________________________________
d_batch100_fruit10_P1.00_lambda1.0_rho15_ite10_rho_50
1.0e+04 * 1.5084    1.3440    1.2855    1.2529    1.2334    1.2211    1.2129    1.2069    1.2024    1.1986
_____________________________________________________
